5.2221
1.4303
5.2549
5.5709
5.4166
10.018
0.90545
4.7435
10.179
1.1456
10.128
0.87555
0.96373
4.9766
9.9484
4.8154
4.5971
9.5316
9.7561
5.3789
9.6163
10.219
10.262
9.3724
9.9899
5.1788
5.5239
5.1125
9.8588
4.6475
10.441
10.365
10.076
10.33
1.0862
1.2001
0.65944
5.3021
9.6774
4.5501
9.8184
1.2704
9.3063
0.69666
4.8518
4.3315
0.40474
5.8604
1.0462
0.5688
4.7792
9.7221
9.1816
4.9298
0.8457
4.6778
9.4995
5.606
1.3048
0.35978
4.8838
1.0104
0.18492
1.3752
0.59944
0.76624
1.5308
0.43476
0.73319
5.0423
10.294
5.3358
1.8549
5.4491
10.051
4.4011
1.6115
4.4593
10.405
5.1451
5.7084
0.80351
4.7106
1.2356
1.6562
1.782
1.46
9.8894
9.3384
9.4076
0.93603
1.7189
9.5881
0.631
0.52395
1.5026
9.4513
10.784
5.7591
0.28912
0.10076
10.551
4.1508
5.0788
10.92
10.711
9.1383
5.0025
4.2815
5.6452
9.9195
1.1187
1.5585
10.833
9.2083
1.8814
10.593
1.1738
9.792
10.51
10.662
4.2342
5.4917
0.46184
9.2462
1.3477
0.33047
5.9209
0.98749
0.25291
4.5163
10.474
9.6493
0.21902
9.5595
9.1045
1.3993
10.63
10.158
2.0724
1.9495
0.069513
10.098
4.1881
0.49629
10.891
4.488
5.8251
6.0487
0.13951
1.6841
4.001
5.7948
5.8901
4.3597
4.4323
3.9239
0.037854
5.5452
9.0641
3.7866
5.6756
3.7515
-0.1927
4.3055
4.107
11.035
8.8464
9.2775
5.951
8.9625
10.955
-0.039956
4.6215
10.862
11.155
1.7521
10.742
1.9171
-0.23327
9.0325
4.0614
-0.13871
2.1313
-0.0025996
4.0273
-0.090882
2.0415
2.2768
11.004
4.9536
8.7709
6.2132
6.0144
5.2776
1.5852
1.8267
11.12
11.083
9.6976
2.1911
5.7333
0.82303
6.1777
3.8568
-0.31896
10.689
3.9639
1.9962
4.9045
2.1594
8.9966
6.2458
8.9131
5.3537
10.243
11.22
11.335
1.6317
5.9803
11.186
6.0962
5.2032
10.809
0.38723
9.4777
2.1022
2.2209
4.0814
3.7171
8.7319
8.8144
3.8936
2.2485
-0.2714
4.5718
3.818
9.4283
0.15835
4.2589
4.2089
10.978
-0.16413
11.298
1.3241
1.0679
5.6234
8.6912
-0.35569
9.9669
10.202
1.4859
8.8852
8.9345
0.5441
-0.068108
0.30973
1.9751
1.8056
4.3773
5.0211
10.577
10.53
2.3646
4.1328
9.1634
5.4676
8.6632
11.061
9.8346
-0.11771
11.244
0.78579
5.3993
2.0137
6.0706
4.836
0.26909
1.0246
5.0611
0.71801
4.7579
10.426
9.0786
0.11707
1.2512
10.384
0.021464
10.608
4.794
3.9406
9.2305
10.763
9.7738
11.405
0.6749
6.1207
6.3075
1.2186
5.5866
2.4487
8.5578
3.6892
2.3937
6.2745
3.6583
6.1485
6.3935
2.4192
-0.46519
3.5323
4.1656
2.5085
2.3027
11.433
11.271
11.371
8.6334
2.5447
3.326
-0.49293
6.4704
2.477
6.346
10.31
3.3689
2.5898
1.2871
6.4228
3.4984
2.328
6.5117
3.8377
6.3676
6.4478
11.574
-0.58967
6.549
8.4036
11.615
2.89
8.5232
2.6185
3.4262
3.3964
6.5801
8.6058
2.7218
3.5937
3.2252
11.463
11.519
-0.4101
3.2921
2.9412
3.123
2.6459
3.2523
8.4532
-0.61977
8.2165
2.6957
3.4612
2.7621